8.000000000000000167e-02
1.250000000000000000e-01
2.715700000000000058e-02
2.815400000000000194e-02
1.650693920000000092e-02
1.261985719999999915e-02
8.756536773679999067e-03
6.593780025880000006e-03
4.616499600871672333e-03
3.473692322673051919e-03
2.433111033096688972e-03
1.830731263453185854e-03
1.282344200639278344e-03
9.648648892052327309e-04
6.758448051523491869e-04
5.085209301207061936e-04
3.561962413140204995e-04
2.680101138238711765e-04
1.877291371282954042e-04
1.412516516556731416e-04
9.894048514912443101e-05
7.444506034900232158e-05
5.214544609989222484e-05
3.923541385489655992e-05
2.748265833604784207e-05
2.067857414781540561e-05
1.448441936365932178e-05
1.089840495548489587e-05
7.633846833046905748e-06
5.743879134252874998e-06
4.023331278064957520e-06
3.027245513785154896e-06
9.505467898965488494e-07
9.504957279832866727e-07
5.678421404884491344e-07
4.333420419732277075e-07
3.010039667297736193e-07
2.266395582345853856e-07
1.586854048300342443e-07
1.194025597158071775e-07
8.363447626399912539e-08
6.292857808813237364e-08
1.975938131589354348e-08
1.975832149378839196e-08
5.291427295060095336e-09
5.366496622800070754e-09
1.426608061971166582e-09
1.447871553339590518e-09
2.367720663361326910e-10
3.486635501774819485e-10
1.732471921369171102e-10
1.347647737194142986e-10
4.149293794787654490e-11
4.155864803436729103e-11
2.480655593664211894e-11
1.893238111816874829e-11
3.627585112590309201e-12
5.266632525280359691e-12
2.632936620947962830e-12
2.046695717651727002e-12
3.879466683137993735e-13
5.637414154096109213e-13
1.262883685544418890e-13
1.304698049993097928e-13
7.663303561205503800e-14
5.857715753980489765e-14
1.822200807050367191e-14
1.823515308351682863e-14
1.088956343401723271e-14
8.310564338961877094e-15
1.592406524873700026e-15
2.311896748129621198e-15
1.155782779408880994e-15
8.984399412043640731e-16
1.702973235313494655e-16
2.474661121355777332e-16
1.236669907989498155e-16
9.613590842637573479e-17
6.605432669300705863e-17
4.978058066053521821e-17
9.609891350061771949e-18
1.394327160391405208e-17
6.972495760671720174e-18
5.419860713341553082e-18
3.724110086974051635e-18
2.806594196445195985e-18
1.964025349869997549e-18
1.477893229691703592e-18
2.855586194365973905e-19
4.142943020207419467e-19
5.715293799774818599e-20
8.566176474285329595e-20
1.893758132312335765e-20
1.959379841938941755e-20
3.172360822397989094e-21
4.676031150631336897e-21
1.041125828055110148e-21
1.076337322235016011e-21
6.319756763260520520e-22
4.830894601652480541e-22
3.352288064042829716e-22
2.524296848233024509e-22
1.767341785926039586e-22
1.329838633967515707e-22
9.314715871256035283e-23
7.008616146792232586e-23
1.354266957185032531e-23
1.964790883910453656e-23
9.825499801977030187e-24
7.637528910167397157e-24
5.247932254248779772e-24
3.954988736954558349e-24
2.767660181073203292e-24
2.082613753616593564e-24
6.539044816334317819e-25
6.538718753386782606e-25
3.906332706188431565e-25
2.981072374478291197e-25
5.712232199737785740e-26
8.293149889576517404e-26
1.858544696775233653e-26
1.919997311557753667e-26
3.111060510275081225e-27
4.585322973527654828e-27
6.282849492123352616e-28
9.424006378064104194e-28
4.646091073578852365e-28
3.617286389019034974e-28
1.113153472691496065e-28
1.114965026628874438e-28
6.655127282149025003e-29
5.079208976788426879e-29
1.581471094056568882e-29
1.582491435826182113e-29
4.236479505297979093e-30
4.296732539504649770e-30
1.142205448076728806e-30
1.159231966923643824e-30
1.895703369206430621e-31
2.791557023115884279e-31
1.387094801204988457e-31
1.078987286863307782e-31
2.044375941141943473e-32
2.970867812136454536e-32
4.095501177861619945e-33
6.138888792787214500e-33
1.357102797572862537e-33
1.404133871318590938e-33
3.694238879852184318e-34
3.753051571516795132e-34
2.223652873794777111e-34
1.698300907516618060e-34
3.252703994451716854e-35
4.722534461947681779e-35
1.058330531273155670e-35
1.093326195651510167e-35
6.421924271989114933e-36
4.908813499589232696e-36
9.397052354676554781e-37
1.364395012476375379e-36
3.057585396491490573e-37
3.158696421098604569e-37
5.118171776709953807e-38
7.543561142865935945e-38
3.746891477268056269e-38
2.914740344069657006e-38
8.974014832429094405e-39
8.988245434052727111e-39
1.480033323551607618e-39
2.178012998571068475e-39
2.986310982428306752e-40
4.479004895262460806e-40
2.208245790930137192e-40
1.719257907795411705e-40
3.255822563075241164e-41
4.731536492008807669e-41
1.059915236937685982e-41
1.095013357182949051e-41
1.774257236745592886e-42
2.615044552886598798e-42
1.298893028479090924e-42
1.010420593911314995e-42
3.110921648627659440e-43
3.115854828786427001e-43
1.859866602691285338e-43
1.419451662893406625e-43
4.419634128704765010e-44
4.422485158878160800e-44
1.183941240911226526e-44
1.200779756464975273e-44
7.120720034407420350e-45
5.437950039096617978e-45
1.692543927811711004e-45
1.693688006014672944e-45
1.011450889499997926e-45
7.719050122346089705e-46
5.361618230684752378e-46
4.037013137425353255e-46
2.826577963506749498e-46
2.126853910514900284e-46
6.678127342759459491e-47
6.677779801211971715e-47
3.989414503256704841e-47
3.044474949855105051e-47
9.479799048687817926e-48
9.485876108587726797e-48
5.664959052109655704e-48
4.323297057554784920e-48
1.346148296048675442e-48
1.347013545730547078e-48
3.606087464913057769e-49
3.657374348613915301e-49
9.722441720872063407e-50
9.867371224628690814e-50
5.849375649016603125e-50
4.467200782596037270e-50
3.101602915685793792e-50
2.335423042905659898e-50
7.329979450284666299e-51
7.329848660672585933e-51
4.378892553192306526e-51
3.341706281114763826e-51
2.321182072752645984e-51
1.747723565583385703e-51
5.485539452697949192e-52
5.485431761358483094e-52
3.277030663163078533e-52
2.500831622870924993e-52
1.737102350922592916e-52
1.307943369378018202e-52
9.157779618861889344e-53
6.890755539093755359e-53
4.826569300837988620e-53
3.631626056318713158e-53
2.543789630228236388e-53
1.914005048540768629e-53
1.340675146982770030e-53
1.008754328190566996e-53
7.065874361067627623e-54
5.316523792449537932e-54
1.027307010124286778e-54
1.490432335060093234e-54
2.056092207434496892e-55
3.081704288844548502e-55
4.192519829677530632e-56
6.293679006826471363e-56
1.390444489556417769e-56
1.438733916237286322e-56
3.785131072623513886e-57
3.845404534935511186e-57
1.021336940347125500e-57
1.036648649742699624e-57
6.144982759735949175e-58
4.692977278463736790e-58
1.460640884743207441e-58
1.461630934818612191e-58
2.407912377315923257e-59
3.543316459348419406e-59
7.894894146961443608e-60
8.161247045932453616e-60
1.321960622698573393e-60
1.948471825256953845e-60
4.338385819646156164e-61
4.485103048502693551e-61
7.264686138200390570e-62
1.070765007943401402e-61
2.384116553923228555e-62
2.464744005943387720e-62
1.447185551177865924e-62
1.106245137182831962e-62
2.117664503769016481e-63
3.074725933762656397e-63
1.537089632955802728e-63
1.194850872037770074e-63
8.209930908748916621e-64
6.187245326724980680e-64
1.940929354213110757e-64
1.940977733703187538e-64
3.198689505263426662e-65
4.706815367816641473e-65
6.453810980915848733e-66
9.679682525019157548e-66
2.139306615408025846e-66
2.213509518914697454e-66
5.823597615130192923e-67
5.916318513655726134e-67
3.505368494639733402e-67
2.677203352114425362e-67
1.858742605192084086e-67
1.399586312042938114e-67
2.703229279527624292e-68
3.922026543825643239e-68
1.961291354103299413e-68
1.524547932788878987e-68
2.889801309251732145e-69
4.199283671524614910e-69
5.789026729668794673e-70
8.677358186833375720e-70
1.180476791291120408e-70
1.772101242733166689e-70
8.733565042171447841e-71
6.799917501602802729e-71
4.667889125163614494e-71
3.518136987251658713e-71
2.461837405778165402e-71
1.852495064704596002e-71
1.297526572878767608e-71
9.762923141389310650e-72
6.838475983039141347e-72
5.145425127554912826e-72
1.615649189269191253e-72
1.615562414830283242e-72
9.651641643738771396e-73
7.365536655548180221e-73
5.116179680325776535e-73
3.852204059711221036e-73
2.697183869647962311e-73
2.029491359999212590e-73
1.421539432485518026e-73
1.069600231609700586e-73
7.492065360779411379e-74
5.637200008202142342e-74
1.770065257698382544e-74
1.769970179639654239e-74
1.057409963764722965e-74
8.069499607740154442e-75
2.512657839151767103e-75
2.514268577314257578e-75
1.501519564895045377e-75
1.145906802806839636e-75
3.568018735888557953e-76
3.570312113992985892e-76
2.132186170877102623e-76
1.627209464423224833e-76
3.117941071745624910e-77
4.526706163648279694e-77
2.263029035379570703e-77
1.759150327137896977e-77
1.208731216853471727e-77
9.109352108640169625e-78
6.374624040460609812e-78
4.796788591278254383e-78
3.359779567113542463e-78
2.527983942876981361e-78
1.770735996985599444e-78
1.332342093517560324e-78
9.332461372335803522e-79
7.021955223644457859e-79
4.918566576375328031e-79
3.700840815806577880e-79
2.592274011572982158e-79
1.950485637361182593e-79
3.768905485690224210e-80
5.467984300944437018e-80
2.734422336446587140e-80
2.125513202942607871e-80
6.547032780919891446e-81
6.557168823145249624e-81
3.914078046521990272e-81
2.987221854142796928e-81
9.301086219494799473e-82
9.307085331636238738e-82
2.491595176467526759e-82
2.527031690428585531e-82
6.717638001366425398e-83
6.817775841222195896e-83
4.041576116103312950e-83
3.086574205036381550e-83
2.143026028634897124e-83
1.613640593248756869e-83
1.129792408769746450e-83
8.501118775925916497e-84
5.954527780384991540e-84
4.480329358349634126e-84
3.138267704459545062e-84
2.361303853315642531e-84
1.653988000149035120e-84
1.244498011343913135e-84
8.717153764706179682e-85
6.558983789513573608e-85
1.267386414368478173e-85
1.838743116104191293e-85
9.195162185770184988e-86
7.147556677166396102e-86
4.911260404233912304e-86
3.701263400080298875e-86
2.590105816908882146e-86
1.949007336394619155e-86
1.365129026859212473e-86
1.027157936149490465e-86
7.194766966659905274e-87
5.413506529019946571e-87
1.699826013916191963e-87
1.699734717649844364e-87
1.015450114314637018e-87
7.749287960293483288e-88
2.412951246639140278e-88
2.414498067967162216e-88
1.441936681363646086e-88
1.100435246415110869e-88
3.426433604567410869e-89
3.428635977477154916e-89
2.047577349749520210e-89
1.562638989108748188e-89
2.994215797644844115e-90
4.347078663325602774e-90
2.173228143939501671e-90
1.689344211049962166e-90
3.202114977826900032e-91
4.653126234619128939e-91
1.042385225177373972e-91
1.076898835447716476e-91
6.325297015597944561e-92
4.834963365401658914e-92
9.255667899951525185e-93
1.343866985882475208e-92
3.011582313167467848e-93
3.111172081353931638e-93
5.041166030358174795e-94
7.430064063868851130e-94
1.654369872399179368e-94
1.710315333030605197e-94
4.501677035129439285e-95
4.573158691217847817e-95
2.709616947446652722e-95
2.069448713279902784e-95
1.436789352254439904e-95
1.081866040611158968e-95
7.574687538677819414e-96
5.699571478919047097e-96
3.992210351422686253e-96
3.003834729359040014e-96
2.104050112149424307e-96
1.583135062604946683e-96
1.108915479917525503e-96
8.343731087531111978e-97
5.844411658178031332e-97
4.397467609262897861e-97
3.080230025893875045e-97
2.317634786438406928e-97
1.623399850415756927e-97
1.221482789907541851e-97
3.835422464325930801e-98
3.835216431323464635e-98
6.320614691335200583e-99
9.300636783912237831e-99
1.275271033190080769e-99
1.912701879452358200e-99
4.227262725021177821e-100
4.373887374606792531e-100
2.567037477339882937e-100
1.962355004842826804e-100
6.104160894354957464e-101
6.108587217729326894e-101
1.006312739142247508e-101
1.480823373111309417e-101
7.360271525375860481e-102
5.725181767373347747e-102
3.932333700035224625e-102
2.963616773425652467e-102
9.296644284193737256e-103
9.296890558097201604e-103
5.553885286420702738e-103
4.238399161018585819e-103
2.944029913268446328e-103
2.216694277820310923e-103
1.552054682592209582e-103
1.167840885642166701e-103
3.666914062667582657e-104
3.666723215875781273e-104
6.042924751391404241e-105
8.892023272309341861e-105
1.981270399987563320e-105
2.048109631264987393e-105
1.202606646481614105e-105
9.192825390915285972e-106
6.379164992878539994e-106
4.803555815895644023e-106
3.363125038647100498e-106
2.530587800530526420e-106
7.945796412136419768e-107
7.945384428935059076e-107
1.309434949237095407e-107
1.926803102084908411e-107
4.293193820785055825e-108
4.438027044394628846e-108
7.188732663963676989e-109
1.059565737550596715e-108
5.262796896472219733e-109
4.093983074857727078e-109
2.811817977849665079e-109
2.119144432060691012e-109
6.647582447346250459e-110
6.647759804453035554e-110
3.971316158934398465e-110
3.030675350243652002e-110
2.105134155517499515e-110
1.585051435015020171e-110
1.109799635339349591e-110
8.350668333959836730e-111
2.622033833762930432e-111
2.621897368406547362e-111
1.566364228835690513e-111
1.195352514066594812e-111
8.303044609690644886e-112
6.251739438960390793e-112
4.377257920307652527e-112
3.293660188133922982e-112
2.307015406108017545e-112
1.735853509466215784e-112
3.354170462298840551e-113
4.866280941593645215e-113
2.433523232392910857e-113
1.891619195649005962e-113
3.585593522176296064e-114
5.210366191704330123e-114
1.167217983336683639e-114
1.205864737831685306e-114
3.175045724602270654e-115
3.225351608161295050e-115
1.911069247984871287e-115
1.459561666135273256e-115
2.795460176508983086e-116
4.058670759505075427e-116
5.597275467955740965e-117
8.389584421354302521e-117
4.137386569112630192e-117
3.221114341970657630e-117
2.211270169434136849e-117
1.666604084012517348e-117
1.166218697743128993e-117
8.775616095694608441e-118
2.755384542222846651e-118
2.755247661158340438e-118
7.378745417596602367e-119
7.483428950517137881e-119
1.224224433800889951e-119
1.802692914214544179e-119
2.471041155548171794e-120
3.706291564494567539e-120
8.191157235555712122e-121
8.475285362444289288e-121
4.974146546182716018e-121
3.802454095705040983e-121
1.182802826876875530e-121
1.183660520015014079e-121
7.068501651661043490e-122
5.394453978183793831e-122
1.679671068713825657e-122
1.680751040818588389e-122
2.768944619370518745e-123
4.074579306064599869e-123
2.025228893570405419e-123
1.575322486371590620e-123
2.984850593360157233e-124
4.337549397729744264e-124
2.167586744675194533e-124
1.685035288920285746e-124
1.157775197543415964e-124
8.725352129529694942e-125
1.684385377632639663e-125
2.443923873689964420e-125
3.371345283247532590e-126
5.053046123232240903e-126
6.874430485339945503e-127
1.031968088285576950e-126
2.279897384617553383e-127
2.359077076583589069e-127
3.819347768351099699e-128
5.629705264954263171e-128
1.253460877431667615e-128
1.295853904399090514e-128
3.410776946118502396e-129
3.464936985613889636e-129
9.203060552022474507e-130
9.341010722057266008e-130
5.537113812102114231e-130
4.228741961424385988e-130
2.936032511387192455e-130
2.210753454329902414e-130
4.269962798033178270e-131
6.195148042365897222e-131
1.388764637441273519e-131
1.434638348836523531e-131
8.426853031859468200e-132
6.441337268309179530e-132
4.469918421231854667e-132
3.365874168701727120e-132
2.356559888274847961e-132
1.773196400908130765e-132
3.426253721781443318e-133
4.970869282673942366e-133
1.114334769150775032e-133
1.151141612931289175e-133
3.031080430762150200e-134
3.079093405932079366e-134
1.824412736880602211e-134
1.393378278532696536e-134
9.674041759499968568e-135
7.284308070778735067e-135
1.406926960769850111e-135
2.041264081366785015e-135
4.575895892582154525e-136
4.727047033663337029e-136
2.776597360523850889e-136
2.122381865945363863e-136
1.472811219617742430e-136
1.109035282612360161e-136
7.764723013027096013e-137
5.842575429235385711e-137
4.092371184668782914e-137
3.079198445804179515e-137
2.156838853335810577e-137
1.622854517584652763e-137
1.136737182762334097e-137
8.553067879562434849e-138
1.652701447664351637e-138
2.397763914820894858e-138
5.375144060002569627e-139
5.552686334955923724e-139
3.261568575987278369e-139
2.493085060261490136e-139
1.730058052125531183e-139
1.302743615073128607e-139
2.516121151253791876e-140
3.650564869162600076e-140
1.825539680388698475e-140
1.419025792039345126e-140
2.689782504814682080e-141
3.908628517297168398e-141
1.953272105123813902e-141
1.518429233137065600e-141
1.043302411382332363e-141
7.862649163107233030e-142
5.502188044604539850e-142
4.140296817805406666e-142
1.299981016050886211e-142
1.299916205727677022e-142
7.765902398949432976e-143
5.926458101831257689e-143
4.116580023891405695e-143
3.099560105661819931e-143
2.170207845511877461e-143
1.632969158492460066e-143
5.127374523018070292e-144
5.127107663346532215e-144
1.373076899342085236e-144
1.392556812890612506e-144
3.701917346298928414e-145
3.757094175160400425e-145
9.984029933358046259e-146
1.013320002416207275e-145
6.006853621994600691e-146
4.587475317383659119e-146
8.786502178232123911e-147
1.275691269495795793e-146
1.759295743483959423e-147
2.636954119103833635e-147
3.587403551747547053e-148
5.385306606863941374e-148
2.654078930078063719e-148
2.066454641553106588e-148
1.418543930029842361e-148
1.069141042263157058e-148
3.353721365605161299e-149
3.353817990230225467e-149
8.981388916862954687e-150
9.108845208948209932e-150
5.401704817144558811e-150
4.125166480410656536e-150
1.283945565931413823e-150
1.284813353850861102e-150
2.116622638383816472e-151
3.114674426980974202e-151
1.548116682489804135e-151
1.204201274565920579e-151
3.707708246012667866e-152
3.713573707127002819e-152
9.936715280281589124e-153
1.007851147464167705e-152
2.679117187220884858e-153
2.719060366679100107e-153
4.446500577235259299e-154
6.547786732819870131e-154
1.458476710805081984e-154
1.507733219794579177e-154
8.852926868897711033e-155
6.767263176608193446e-155
2.105100261093122644e-155
2.106622162333675545e-155
1.258019420309596478e-155
9.600800087597150259e-156
2.989401197274550020e-156
2.991323265867633992e-156
1.786414527145970590e-156
1.363328725679229536e-156
9.469630537401549989e-157
7.130127163142701049e-157
4.992270424079321115e-157
3.756425603191520056e-157
7.258359319306686024e-158
1.053055363176040834e-157
5.266101480953162375e-158
4.093430990367075168e-158
7.759161575991319312e-159
1.127514121581415933e-158
1.554362631485480242e-159
2.329884086255307430e-159
1.148979433495010619e-159
8.945264164025580212e-160
6.140847661122442762e-160
4.628273355333144466e-160
3.238668775049228808e-160
2.437048387608027000e-160
1.706960212103619605e-160
1.284360687675287202e-160
8.996352458681702239e-161
6.769060546925688957e-161
4.741424597495390046e-161
3.567555214665071197e-161
1.120202547836682855e-161
1.120142372811578261e-161
1.846046621615171334e-162
2.716414455346947748e-162
6.052561472859711811e-163
6.256747890875782704e-163
1.646889312087078487e-163
1.673033516521393066e-163
4.443677294218513845e-164
4.510285295560707441e-164
2.673582809547591308e-164
2.041838416355944018e-164
6.355012407042290875e-165
6.359319917253586246e-165
3.797708606369114714e-165
2.898282666568228038e-165
2.013134269353496949e-165
1.515782955873406881e-165
1.061299169220737433e-165
7.985728035570816259e-166
5.593532905708575931e-166
4.208707813981558618e-166
2.948009266801484885e-166
2.218149077225573752e-166
6.964926934974665557e-167
6.964552817918433523e-167
1.865159770673251454e-167
1.891620731623489331e-167
1.121766652102257837e-167
8.566690317897073354e-168
5.948026542730619838e-168
4.478695171045009974e-168
3.135767080794222058e-168
2.359506571037848887e-168
1.652694017193707031e-168
1.243526567945483248e-168
8.710340167951752089e-169
6.553857648538118185e-169
4.590684884317022390e-169
3.454135222665754878e-169
6.674393754619858920e-170
9.683310025863413056e-170
2.170738580443626855e-170
2.242438587288333770e-170
1.317176369902288276e-170
1.006826210464925688e-170
1.927392132600078771e-171
2.798456243730411815e-171
6.271291808683055125e-172
6.478676582835929781e-172
3.805408479321504027e-172
2.908792065943048692e-172
9.048594596978836572e-173
9.055121191532772661e-173
5.407485270407384825e-173
4.126818701477229965e-173
7.907493135590129445e-174
1.148030190535196185e-173
5.739328651567855593e-174
4.461428382627450546e-174
1.374187718626864075e-174
1.376317503361139955e-174
2.266331111528744366e-175
3.335120693206347196e-175
1.657656205140046603e-175
1.289409216474075781e-175
8.856280227717949405e-176
6.674566607401140049e-176
1.288468633695080261e-176
1.869479468631209499e-176
9.348544410582887893e-177
7.266811472357772201e-177
4.993191929838638786e-177
3.763010011492178324e-177
7.264317676390453341e-178
1.054000848396696121e-177
5.270654707388900322e-178
4.096985515242496295e-178
2.815132337786121178e-178
2.121562975741106486e-178
1.484647645900235524e-178
1.117170256714502654e-178
7.824914296542154203e-179
5.887665315780971466e-179
1.137665555978470303e-179
1.650542471864421623e-179
8.254010226363255656e-180
6.415983237084470775e-180
4.408578438876377978e-180
3.322428192868883663e-180
2.325000859469418206e-180
1.749520696315744454e-180
5.493190573801322625e-181
5.492916661335493795e-181
3.281554202866121370e-181
2.504279925777963791e-181
4.798618293086253523e-182
6.966744238662943569e-182
3.482875962022623131e-182
2.707389868972755358e-182
8.339172543751054116e-183
8.352096971978234430e-183
4.985494800139044562e-183
3.804926748142160596e-183
2.642817153225550646e-183
1.989904917319737051e-183
1.393261309892511596e-183
1.048357277208905002e-183
3.291746050253231957e-184
3.291574758995871830e-184
1.966440409445939154e-184
1.500665965796059024e-184
1.042378403717708010e-184
7.848540485235273520e-185
5.495284366347726128e-185
4.134917263148579428e-185
7.989700826832922989e-186
1.159159653181432315e-185
1.599091319532607405e-186
2.396744152892112541e-186
1.181990089529550920e-186
9.202231167311891521e-187
2.831878336415024997e-187
2.836481846006199852e-187
1.693072435600147596e-187
1.292156794820614538e-187
8.975012479179849494e-188
6.757722442952532229e-188
4.731518626766238899e-188
3.560223767574405280e-188
2.493727228647831840e-188
1.876339964194446041e-188
1.314291185836562460e-188
9.889025162510697969e-189
6.926820945225653582e-189
5.211896875232462692e-189
3.650701411985740820e-189
2.746870369351007833e-189
8.625097632981164936e-190
8.624634306070873913e-190
5.152501648435042636e-190
3.932070951415716434e-190
2.731258080682201760e-190
2.056488263446003454e-190
1.439883995341019813e-190
1.083438233791499031e-190
2.093475347267176312e-191
3.037250342726333947e-191
1.518863026166903781e-191
1.180638277230665744e-191
8.112452981844294081e-192
6.113771813094751289e-192
1.917882927639210621e-192
1.917930558971475632e-192
1.145756797796293989e-192
8.743742439410600333e-193
6.073481891978485457e-193
4.573001259562307917e-193
3.201861486535269406e-193
2.409235186962834094e-193
1.687527657717683728e-193
1.269736127703916726e-193
3.986932658130417637e-194
3.986718813501570522e-194
2.381732795323593225e-194
1.817591340284122796e-194
3.482808745942337195e-195
5.056421673484388614e-195
2.527850738833402933e-195
1.965007526006941076e-195
6.052522025454941239e-196
6.061902498755335536e-196
3.618442588518753738e-196
2.761593290855011866e-196
1.918141031985067865e-196
1.444261199455700939e-196
2.789574632008368651e-197
4.047295216088846737e-197
9.072816888636941230e-198
9.372509694601652826e-198
1.518696139235001254e-198
2.238368928254959055e-198
4.983931394082759807e-199
5.152471456882764183e-199
3.025299700672801507e-199
2.312573375615490981e-199
7.193739260278749223e-200
7.198940794845489895e-200
1.185936030403970372e-200
1.745144966274856218e-200
8.674053641378375760e-201
6.747106181894214325e-201
4.634241177374042563e-201
3.492611749066048394e-201
2.444044595838121003e-201
1.839101978799400059e-201
5.774454533547157554e-202
5.774167065165044887e-202
9.516075696074140116e-203
1.400268572166466387e-202
3.119999188668887870e-203
3.225254070708063630e-203
5.224278490445041407e-204
7.700198007122003411e-204
3.824640296831460216e-204
2.975226471941361968e-204
9.160233502004665856e-205
9.174760104251187757e-205
5.476451954456048374e-205
4.179632480122418944e-205
2.903076302986425631e-205
2.185866818038741480e-205
1.530466847781958750e-205
1.151597372989551444e-205
2.225175696907420818e-206
3.228323525510931113e-206
1.614414574221610788e-206
1.254912134736354393e-206
3.865396121861257321e-207
3.871380500000949734e-207
2.310888403467215328e-207
1.763668547396631697e-207
1.225004849136054726e-207
9.223654236405844882e-208
1.781538681787769591e-208
2.584771491648208132e-208
5.794279189589846001e-209
5.985675512216288736e-209
3.515897222751408795e-209
2.687489581067569323e-209
5.144727032014192082e-210
7.469831022025271434e-210
1.030139167692807605e-210
1.544047063989854312e-210
3.413431350963776197e-211
3.531718455365848883e-211
5.718071956239528643e-212
8.428387084199799657e-212
1.876593817183084332e-212
1.940061343587382894e-212
5.106375871055376417e-213
5.187460435174595760e-213
1.377817631737418444e-213
1.398470562334864786e-213
8.289778160757279289e-214
6.330975657732969009e-214
1.970451152565502040e-214
1.971786751029805600e-214
3.248350608623961303e-215
4.780046933013329404e-215
1.065046404716702412e-215
1.100978260425069623e-215
6.464705555700759767e-216
4.941675217236402491e-216
1.537214082696304572e-216
1.538325296595616316e-216
9.186474999929565964e-217
7.010822582729101463e-217
4.869679747989551151e-217
3.666610068064937140e-217
7.082025595625882809e-218
1.027505954697078035e-217
1.417451679944585625e-218
2.124503035735750876e-218
2.890288631488950614e-219
4.338810802499355760e-219
2.138328429452656272e-219
1.664893351487006635e-219
5.123287244745976279e-220
5.131634723058467694e-220
1.373079792879983997e-220
1.392676835576031170e-220
8.258473478007191167e-221
6.306844887082272309e-221
4.378959210220634000e-221
3.297232685378775110e-221
1.034873317232232899e-221
1.034854773748506910e-221
6.182280496564610080e-222
4.717943004531258207e-222
